0,492
0,227
0,466
0,226
0,467
0,224
0,463
0,223
0,465
0,402
0,401
0,219
0,458
0,218
0,457
0,398
0,489
0,214
0,456
0,213
0,454
0,212
0,488
78,3
78,2
78,1
78,0
0,453
0,523
0,208
0,452
0,207
0,450
0,499
0,205
0,451
0,204
0,445
0,203
0,310
77,5
77,4
77,3
77,2
77,1
77,0
0,444
0,309
0,305
0,198
0,302
0,197
0,319
0,196
0,300
76,5
76,4
76,3
76,2
76,1
76,0
0,7
0,318
0,298
0,193
0,192
0,441
0,63
0,295
0,440
75,4
75,3
75,2
0,11
75,1
75,0
0,4
71,36
71,35
0,533
86,3
86,2
86,1
86,0
85,3
85,2
85,1
85,0
84,3
84,2
84,1
84,0
83,4
83,3
83,2
83,1
83,0
82,4
82,3
82,2
82,1
82,0
81,4
81,3
81,2
81,1
81,0
80,4
80,3
80,2
80,1
80,0
79,4
79,3
79,2
79,1
79,0
74,4
74,3
74,2
74,1
74,0
73,4
73,3
73,2
73,1
73,0
72,3
72,2
72,1
72,0
0,532
0,531
62,3
57,5
57,4
57,2
57,0
0,278
0,9
58,2
58,0
63,13
70,6
70,5
63,12
63,11
63,10
63,9
3,2
3,1
3,3
10,93
10,147
10,161
10,165
